1
1	0	0
0	1	0
0	0	1
------------------
2[001]
-1	0	0
0	-1	0
0	0	1
------------------
2[010]
-1	0	0
0	1	0
0	0	-1
------------------
2[100]
1	0	0
0	-1	0
0	0	-1
------------------
3+[111]
0	0	1
1	0	0
0	1	0
------------------
3+[1-1-1]
0	0	-1
-1	0	0
0	1	0
------------------
3+[-11-1]
0	0	1
-1	0	0
0	-1	0
------------------
3+[-1-11]
0	0	-1
1	0	0
0	-1	0
------------------
3-[111]
0	1	0
0	0	1
1	0	0
------------------
3-[1-1-1]
0	-1	0
0	0	1
-1	0	0
------------------
3-[-11-1]
0	-1	0
0	0	-1
1	0	0
------------------
3-[-1-11]
0	1	0
0	0	-1
-1	0	0
------------------
2[110]
0	1	0
1	0	0
0	0	-1
------------------
2[101]
0	0	1
0	-1	0
1	0	0
------------------
2[011]
-1	0	0
0	0	1
0	1	0
------------------
2[1-10]
0	-1	0
-1	0	0
0	0	-1
------------------
2[-101]
0	0	-1
0	-1	0
-1	0	0
------------------
2[01-1]
-1	0	0
0	0	-1
0	-1	0
------------------
4+[001]
0	-1	0
1	0	0
0	0	1
------------------
4+[010]
0	0	1
0	1	0
-1	0	0
------------------
4+[100]
1	0	0
0	0	-1
0	1	0
------------------
4-[001]
0	1	0
-1	0	0
0	0	1
------------------
4-[010]
0	0	-1
0	1	0
1	0	0
------------------
4-[100]
1	0	0
0	0	1
0	-1	0
------------------
-1
-1	0	0
0	-1	0
0	0	-1
------------------
m[001]
1	0	0
0	1	0
0	0	-1
------------------
m[010]
1	0	0
0	-1	0
0	0	1
------------------
m[100]
-1	0	0
0	1	0
0	0	1
------------------
-3+[111]
0	0	-1
-1	0	0
0	-1	0
------------------
-3+[1-1-1]
0	0	1
1	0	0
0	-1	0
------------------
-3+[-11-1]
0	0	-1
1	0	0
0	1	0
------------------
-3+[-1-11]
0	0	1
-1	0	0
0	1	0
------------------
-3-[111]
0	-1	0
0	0	-1
-1	0	0
------------------
-3-[1-1-1]
0	1	0
0	0	-1
1	0	0
------------------
-3-[-11-1]
0	1	0
0	0	1
-1	0	0
------------------
-3-[-1-11]
0	-1	0
0	0	1
1	0	0
------------------
m[110]
0	-1	0
-1	0	0
0	0	1
------------------
m[101]
0	0	-1
0	1	0
-1	0	0
------------------
m[011]
1	0	0
0	0	-1
0	-1	0
------------------
m[1-10]
0	1	0
1	0	0
0	0	1
------------------
m[-101]
0	0	1
0	1	0
1	0	0
------------------
m[01-1]
1	0	0
0	0	1
0	1	0
------------------
-4+[001]
0	1	0
-1	0	0
0	0	-1
------------------
-4+[010]
0	0	-1
0	-1	0
1	0	0
------------------
-4+[100]
-1	0	0
0	0	1
0	-1	0
------------------
-4-[001]
0	-1	0
1	0	0
0	0	-1
------------------
-4-[010]
0	0	1
0	-1	0
-1	0	0
------------------
-4-[100]
-1	0	0
0	0	-1
0	1	0
------------------
